%YAML:1.0
---
initialR: !!opencv-matrix
   rows: 3
   cols: 3
   dt: d
   data: [ 9.6457144971237097e-01, -4.4656079589539249e-04,
       2.6381517865815418e-01, 4.6206481003586881e-03,
       9.9991828483499468e-01, -1.2072192295705012e-02,
       -2.6385476192071389e-01, 1.2813398470508539e-02,
       9.6448156913845595e-01 ]
initialT: !!opencv-matrix
   rows: 3
   cols: 1
   dt: d
   data: [ -4.1702127486156019e+02, -1.7994741260465759e+00,
       4.0724061214784342e+01 ]
R_w2l_matslist: !!opencv-matrix
   rows: 15
   cols: 3
   dt: "3d"
   data: [ 9.7825044561967478e-01, -5.1016984046267443e-02,
       -2.0105554701059658e-01, 7.0915684252274541e-02,
       9.9313349513260629e-01, 9.3042068833005490e-02,
       1.9492827237714663e-01, -1.0527643698623598e-01,
       9.7515118850542470e-01, 9.1919415363197232e-01,
       -3.6313997954645610e-01, 1.5235308721454532e-01,
       2.9247053230007275e-01, 8.8857837321260058e-01,
       3.5339703223847263e-01, -2.6371024944987537e-01,
       -2.8028169742929604e-01, 9.2298378881821974e-01,
       9.4191615018116481e-01, -3.2207366668572873e-01,
       9.5197264958103087e-02, 1.8848067496149892e-01,
       7.4153765507628011e-01, 6.4389202609601326e-01,
       -2.7797302242115313e-01, -5.8854945359891597e-01,
       7.5917095536806789e-01, 9.0054317453162147e-01,
       4.2402092828243987e-01, 9.6063745414167609e-02,
       -4.2214450140017745e-01, 9.0564147581106358e-01,
       -4.0094104658289158e-02, -1.0400005164468645e-01,
       -4.4463096215181875e-03, 9.9456735296743193e-01,
       9.1241161713665109e-01, 3.4966292282808153e-01,
       -2.1269903928650544e-01, -2.8150546325908915e-01,
       9.1340709859709335e-01, 2.9401045285453092e-01,
       2.9708536663619917e-01, -2.0838261115497128e-01,
       9.3183527101031693e-01, 9.8796964268793941e-01,
       -8.1238244125988665e-02, -1.3159153779172186e-01,
       5.7806074537889982e-02, 9.8322472421128315e-01,
       -1.7299595210919741e-01, 1.4343794084405917e-01,
       1.6330795874964024e-01, 9.7609224345624268e-01,
       8.4443103862478031e-01, -4.9441067193297994e-01,
       2.0614147686929166e-01, 4.4632428106187244e-01,
       8.6219973778502224e-01, 2.3959601060543795e-01,
       -2.9619395189921610e-01, -1.1031636162518474e-01,
       9.4873570777962546e-01, 9.4842505192756499e-01,
       2.9455951666601948e-01, -1.1715208925870207e-01,
       -1.3480181707204900e-01, 7.0924110290498743e-01,
       6.9195775020169470e-01, 2.8691181744618283e-01,
       -6.4047775066086188e-01, 7.1236918793426907e-01,
       9.3068957122565577e-01, -2.2075636750087485e-01,
       2.9169084356493447e-01, 4.0659146335551517e-02,
       8.5486881180681551e-01, 5.1724863307626778e-01,
       -3.6354333418599288e-01, -4.6953800784156191e-01,
       8.0459325336539445e-01, 6.5728097397793950e-01,
       -5.6967615690469664e-01, 4.9340733425934058e-01,
       3.9421639420011345e-01, 8.1786925552340228e-01,
       4.1914593569955538e-01, -6.4232013497201923e-01,
       -8.0987388671891078e-02, 7.6214558129378107e-01,
       -9.8354504241640184e-01, -1.7150558213019138e-01,
       5.6788949948930516e-02, 1.7828263758654131e-01,
       -9.7224745875779528e-01, 1.5149316840767207e-01,
       2.9230988236866443e-02, 1.5912483852998446e-01,
       9.8682563560616110e-01, -9.4170174426191333e-01,
       2.4245709371902413e-01, 2.3326461917615249e-01,
       -2.3228590130062785e-01, -9.7008459525419244e-01,
       7.0563008067013003e-02, 2.4339491554062126e-01,
       1.2265225470193293e-02, 9.6984971997373792e-01,
       -9.5791420229656710e-01, 1.9548151303904696e-01,
       2.1020789494806486e-01, -1.5573151335673163e-01,
       -9.6905834542382407e-01, 1.9150357414957886e-01,
       2.4113912330054152e-01, 1.5070799986864020e-01,
       9.5871738379432747e-01, -9.7627904359085327e-01,
       -1.9842587127785496e-01, 8.6639498226568301e-02,
       2.1239846215426134e-01, -9.5536275000971937e-01,
       2.0535069799825451e-01, 4.2025258117377159e-02,
       2.1888167922759014e-01, 9.7484598177285253e-01,
       -7.1133174879652894e-01, 6.4974353923291517e-01,
       2.6803073775064773e-01, -5.0399970809235972e-01,
       -7.3732854507864432e-01, 4.4981208393619782e-01,
       4.8988920930847935e-01, 1.8487820271004024e-01,
       8.5195575751667885e-01 ]
T_w2l_matslist: !!opencv-matrix
   rows: 15
   cols: 3
   dt: d
   data: [ -5.3711640729568131e+01, -7.9906897691387556e+01,
       1.0666581962219961e+03, 2.6093571973683375e+01,
       -1.0312689791478988e+02, 1.0813290938910279e+03,
       4.6521467406698463e+01, -7.2648980674622933e+01,
       1.0376400670533517e+03, -1.7748699741489698e+01,
       -4.6670923006109888e+01, 1.0054555385226873e+03,
       -2.2601949078658617e+01, -6.8866539195565608e+01,
       9.5155880252014674e+02, -1.6015812217690502e+01,
       -1.0035917311357380e+02, 9.4131495649662065e+02,
       3.7321112130768157e+01, -1.2833846669607618e+02,
       9.7253439492698294e+02, -1.3610886641492401e+01,
       -7.9705010802299071e+01, 9.5685586060390267e+02,
       6.8270637071693663e-01, -9.6518138399867652e+01,
       9.8868152643696510e+02, 5.6749554616967288e+01,
       -1.0355747009794922e+02, 1.0071928057641807e+03,
       2.0628918999555347e+02, 2.5221682721041319e+01,
       8.7441805424245945e+02, 1.4962600849118013e+02,
       7.3047944245082675e+01, 9.0405974498439048e+02,
       1.4131962062325718e+02, 6.0879282920397749e+01,
       9.1749638226334821e+02, 1.9307606166446487e+02,
       1.5930061132419674e+01, 9.1364162297699067e+02,
       1.0125632368449907e+02, 9.5238537667374516e+01,
       8.9849046266712685e+02 ]
R_w2r_matslist: !!opencv-matrix
   rows: 15
   cols: 3
   dt: "3d"
   data: [ 9.9523538825462476e-01, -7.7429951044043349e-02,
       5.9227140351263544e-02, 7.2990439610267854e-02,
       9.9358637669538619e-01, 8.6383866166561740e-02,
       -6.5607170883021246e-02, -8.1694237960500932e-02,
       9.9449985741032620e-01, 8.1345528110188825e-01,
       -4.3577338389407488e-01, 3.8521265950661404e-01,
       3.0958295086418686e-01, 8.8451093321010210e-01,
       3.4900210619574568e-01, -4.9288323402259393e-01,
       -1.6465797163278287e-01, 8.5437818662088283e-01,
       8.3598132644799794e-01, -4.6741970444354491e-01,
       2.8749047155577084e-01, 1.9870938996460710e-01,
       7.4516577449392418e-01, 6.3658951564239119e-01,
       -5.1185117859467988e-01, -4.7505771644957961e-01,
       7.1577702728526293e-01, 8.4641292123383705e-01,
       4.0208741650117846e-01, 3.4915269692071793e-01,
       -4.1315322795752246e-01, 9.0961927163877443e-01,
       -4.3598801069201491e-02, -3.3516443802987783e-01,
       -1.0742424601205078e-01, 9.3601978965470389e-01,
       9.5961196882553434e-01, 2.7871324091875971e-01,
       3.8216856628254310e-02, -2.7709589782853811e-01,
       9.1818370244936764e-01, 2.8312579629206797e-01,
       4.3770059729933003e-02, -2.8234674386416170e-01,
       9.5831764769147609e-01, 9.9112243241438758e-01,
       -3.9304075391166579e-02, 1.2699702016123754e-01,
       6.2842271498842209e-02, 9.8163436716004482e-01,
       -1.8013462378514411e-01, -1.1765524120512109e-01,
       1.8647043796431387e-01, 9.7539440010630496e-01,
       7.3725771862196421e-01, -5.0969092268045268e-01,
       4.4346696514699685e-01, 4.5686613065520554e-01,
       8.5930170377913628e-01, 2.2995126680552086e-01,
       -4.9835085323466261e-01, 3.3063152774282394e-02,
       8.6634950844638070e-01, 9.9099962827800692e-01,
       1.1539472243302877e-01, 6.7827164872624163e-02,
       -1.2960426817588896e-01, 7.1856186101312958e-01,
       6.8328270147208447e-01, 3.0048869943839169e-02,
       -6.8597036186819238e-01, 7.2701440414196483e-01,
       8.0487754880118989e-01, -3.3569185155785491e-01,
       4.8936677629427450e-01, 4.9463073747906101e-02,
       8.5900035039481026e-01, 5.0958362112616207e-01,
       -5.9148868449219294e-01, -3.8596889088266823e-01,
       7.0793881597555941e-01, 4.6724210569110641e-01,
       -5.7310301260776841e-01, 6.7322691651214195e-01,
       4.0493438290347816e-01, 8.1518318745648166e-01,
       4.1413546213035046e-01, -7.8620077691100954e-01,
       7.9109357724368057e-02, 6.1289335424797942e-01,
       -9.4021399213578405e-01, -1.2305492032868921e-01,
       3.1757182665059480e-01, 1.7272584452166972e-01,
       -9.7554197639488927e-01, 1.3596800906418893e-01,
       2.9312922614100723e-01, 1.8274993019178332e-01,
       9.3844868563670070e-01, -8.4297795870693149e-01,
       2.3886953017585894e-01, 4.8200232177351887e-01,
       -2.4129099177494584e-01, -9.6861416733496364e-01,
       5.9740410856525351e-02, 4.8121555623655915e-01,
       -6.5910785394073482e-02, 8.7412560457925903e-01,
       -8.5934173237266676e-01, 2.3055815162715754e-01,
       4.5647722312095196e-01, -1.6501707642181473e-01,
       -9.6956720342823066e-01, 1.8086588149401386e-01,
       4.8435385449212798e-01, 8.0132476240234091e-02,
       8.7119937193882613e-01, -9.3083806056873541e-01,
       -1.2474169562835034e-01, 3.4347742848053647e-01,
       2.0371109932087039e-01, -9.5691131563785936e-01,
       2.0694488778598233e-01, 3.0291674621679271e-01,
       2.6265990474215611e-01, 9.1611103861849130e-01,
       -5.5488605285878245e-01, 6.7701899512278241e-01,
       4.8347024530258481e-01, -5.1398407244328137e-01,
       -7.3539855960172917e-01, 4.4160275856630532e-01,
       6.5458284540876976e-01, -3.4656551904851196e-03,
       7.5598776677075807e-01 ]
T_w2r_matslist: !!opencv-matrix
   rows: 15
   cols: 3
   dt: d
   data: [ -1.8752628024128393e+02, -9.4782549421310605e+01,
       1.0820830137701932e+03, -1.0589928694062915e+02,
       -1.1843452795222497e+02, 1.0754748407433203e+03,
       -9.8264297521267167e+01, -8.6670150813409606e+01,
       1.0279746889743105e+03, -1.6902396787712030e+02,
       -6.1188233500249176e+01, 1.0143200497379017e+03,
       -1.8745349777529873e+02, -8.2409238505650464e+01,
       9.6304887402831537e+02, -1.8363821119174082e+02,
       -1.1386451722920772e+02, 9.5180001588647724e+02,
       -1.2366141214871378e+02, -1.4207340018169089e+02,
       9.6720242861848783e+02, -1.7764999749927767e+02,
       -9.3467355887548905e+01, 9.6486219095262402e+02,
       -1.5555626083408521e+02, -1.1015332428641058e+02,
       9.9209078826510188e+02, -9.6115780106164749e+01,
       -1.1736923015217971e+02, 9.9609127328151044e+02,
       1.3451681752671528e+01, 1.3654992932711480e+01,
       8.3014548759805882e+02, -3.3980234979187415e+01,
       6.1022602570460784e+01, 8.7404092836721497e+02,
       -3.8454193678544364e+01, 4.8653416897395125e+01,
       8.8900392572952217e+02, 1.0406255480407177e+01,
       4.3180909208735354e+00, 8.6938237875932873e+02,
       -8.2242978849031047e+01, 8.2996388571261789e+01,
       8.8115082480842455e+02 ]
