%YAML:1.0
---
initialR: !!opencv-matrix
   rows: 3
   cols: 3
   dt: d
   data: [ 9.6457144971237097e-01, -4.4656079589539249e-04,
       2.6381517865815418e-01, 4.6206481003586881e-03,
       9.9991828483499468e-01, -1.2072192295705012e-02,
       -2.6385476192071389e-01, 1.2813398470508539e-02,
       9.6448156913845595e-01 ]
initialT: !!opencv-matrix
   rows: 3
   cols: 1
   dt: d
   data: [ -4.1702127486156019e+02, -1.7994741260465759e+00,
       4.0724061214784342e+01 ]
R_w2l_matslist: !!opencv-matrix
   rows: 15
   cols: 3
   dt: "3d"
   data: [ 9.7825044561967478e-01, -5.1016984046267443e-02,
       -2.0105554701059658e-01, 7.0915684252274541e-02,
       9.9313349513260629e-01, 9.3042068833005490e-02,
       1.9492827237714663e-01, -1.0527643698623598e-01,
       9.7515118850542470e-01, 9.1919415363197232e-01,
       -3.6313997954645610e-01, 1.5235308721454532e-01,
       2.9247053230007275e-01, 8.8857837321260058e-01,
       3.5339703223847263e-01, -2.6371024944987537e-01,
       -2.8028169742929604e-01, 9.2298378881821974e-01,
       9.4191615018116481e-01, -3.2207366668572873e-01,
       9.5197264958103087e-02, 1.8848067496149892e-01,
       7.4153765507628011e-01, 6.4389202609601326e-01,
       -2.7797302242115313e-01, -5.8854945359891597e-01,
       7.5917095536806789e-01, 9.0054317453162147e-01,
       4.2402092828243987e-01, 9.6063745414167609e-02,
       -4.2214450140017745e-01, 9.0564147581106358e-01,
       -4.0094104658289158e-02, -1.0400005164468645e-01,
       -4.4463096215181875e-03, 9.9456735296743193e-01,
       9.1241161713665109e-01, 3.4966292282808153e-01,
       -2.1269903928650544e-01, -2.8150546325908915e-01,
       9.1340709859709335e-01, 2.9401045285453092e-01,
       2.9708536663619917e-01, -2.0838261115497128e-01,
       9.3183527101031693e-01, 9.8796964268793941e-01,
       -8.1238244125988665e-02, -1.3159153779172186e-01,
       5.7806074537889982e-02, 9.8322472421128315e-01,
       -1.7299595210919741e-01, 1.4343794084405917e-01,
       1.6330795874964024e-01, 9.7609224345624268e-01,
       8.4443103862478031e-01, -4.9441067193297994e-01,
       2.0614147686929166e-01, 4.4632428106187244e-01,
       8.6219973778502224e-01, 2.3959601060543795e-01,
       -2.9619395189921610e-01, -1.1031636162518474e-01,
       9.4873570777962546e-01, 9.4842505192756499e-01,
       2.9455951666601948e-01, -1.1715208925870207e-01,
       -1.3480181707204900e-01, 7.0924110290498743e-01,
       6.9195775020169470e-01, 2.8691181744618283e-01,
       -6.4047775066086188e-01, 7.1236918793426907e-01,
       9.3068957122565577e-01, -2.2075636750087485e-01,
       2.9169084356493447e-01, 4.0659146335551517e-02,
       8.5486881180681551e-01, 5.1724863307626778e-01,
       -3.6354333418599288e-01, -4.6953800784156191e-01,
       8.0459325336539445e-01, 6.5728097397793950e-01,
       -5.6967615690469664e-01, 4.9340733425934058e-01,
       3.9421639420011345e-01, 8.1786925552340228e-01,
       4.1914593569955538e-01, -6.4232013497201923e-01,
       -8.0987388671891078e-02, 7.6214558129378107e-01,
       -9.8354504241640184e-01, -1.7150558213019138e-01,
       5.6788949948930516e-02, 1.7828263758654131e-01,
       -9.7224745875779528e-01, 1.5149316840767207e-01,
       2.9230988236866443e-02, 1.5912483852998446e-01,
       9.8682563560616110e-01, -9.4170174426191333e-01,
       2.4245709371902413e-01, 2.3326461917615249e-01,
       -2.3228590130062785e-01, -9.7008459525419244e-01,
       7.0563008067013003e-02, 2.4339491554062126e-01,
       1.2265225470193293e-02, 9.6984971997373792e-01,
       -9.5791420229656710e-01, 1.9548151303904696e-01,
       2.1020789494806486e-01, -1.5573151335673163e-01,
       -9.6905834542382407e-01, 1.9150357414957886e-01,
       2.4113912330054152e-01, 1.5070799986864020e-01,
       9.5871738379432747e-01, -9.7627904359085327e-01,
       -1.9842587127785496e-01, 8.6639498226568301e-02,
       2.1239846215426134e-01, -9.5536275000971937e-01,
       2.0535069799825451e-01, 4.2025258117377159e-02,
       2.1888167922759014e-01, 9.7484598177285253e-01,
       -7.1133174879652894e-01, 6.4974353923291517e-01,
       2.6803073775064773e-01, -5.0399970809235972e-01,
       -7.3732854507864432e-01, 4.4981208393619782e-01,
       4.8988920930847935e-01, 1.8487820271004024e-01,
       8.5195575751667885e-01 ]
T_w2l_matslist: !!opencv-matrix
   rows: 15
   cols: 3
   dt: d
   data: [ -5.3711640729568131e+01, -7.9906897691387556e+01,
       1.0666581962219961e+03, 2.6093571973683375e+01,
       -1.0312689791478988e+02, 1.0813290938910279e+03,
       4.6521467406698463e+01, -7.2648980674622933e+01,
       1.0376400670533517e+03, -1.7748699741489698e+01,
       -4.6670923006109888e+01, 1.0054555385226873e+03,
       -2.2601949078658617e+01, -6.8866539195565608e+01,
       9.5155880252014674e+02, -1.6015812217690502e+01,
       -1.0035917311357380e+02, 9.4131495649662065e+02,
       3.7321112130768157e+01, -1.2833846669607618e+02,
       9.7253439492698294e+02, -1.3610886641492401e+01,
       -7.9705010802299071e+01, 9.5685586060390267e+02,
       6.8270637071693663e-01, -9.6518138399867652e+01,
       9.8868152643696510e+02, 5.6749554616967288e+01,
       -1.0355747009794922e+02, 1.0071928057641807e+03,
       2.0628918999555347e+02, 2.5221682721041319e+01,
       8.7441805424245945e+02, 1.4962600849118013e+02,
       7.3047944245082675e+01, 9.0405974498439048e+02,
       1.4131962062325718e+02, 6.0879282920397749e+01,
       9.1749638226334821e+02, 1.9307606166446487e+02,
       1.5930061132419674e+01, 9.1364162297699067e+02,
       1.0125632368449907e+02, 9.5238537667374516e+01,
       8.9849046266712685e+02 ]
