%YAML:1.0
---
board_width: 11
board_height: 8
square_size: 20
camera_matrix: !!opencv-matrix
   rows: 3
   cols: 3
   dt: d
   data: [ 2.4728659053079687e+03, 0., 6.5013832488822288e+02, 0.,
       2.4725424005103350e+03, 4.9793784046310338e+02, 0., 0., 1. ]
dist_coefs: !!opencv-matrix
   rows: 1
   cols: 5
   dt: d
   data: [ -9.5759900839313489e-02, 2.4598335583957162e-01,
       1.3948493638331421e-03, 7.1278232613349751e-04,
       2.3897418716639325e+00 ]
