%YAML:1.0
---
board_width: 11
board_height: 8
square_size: 20
camera_matrixL: !!opencv-matrix
   rows: 3
   cols: 3
   dt: d
   data: [ 2.4860576843048348e+03, 0., 6.3950000000000000e+02, 0.,
       2.4862406528671254e+03, 5.1150000000000000e+02, 0., 0., 1. ]
dist_coefsL: !!opencv-matrix
   rows: 1
   cols: 5
   dt: d
   data: [ -5.2629210781633497e-02, -6.0384812144921440e-01,
       1.2480172360437136e-03, -8.5445248486354960e-04,
       9.7308158315107942e+00 ]
camera_matrixR: !!opencv-matrix
   rows: 3
   cols: 3
   dt: d
   data: [ 2.4854605130538416e+03, 0., 6.3950000000000000e+02, 0.,
       2.4882568046383112e+03, 5.1150000000000000e+02, 0., 0., 1. ]
dist_coefsR: !!opencv-matrix
   rows: 1
   cols: 5
   dt: d
   data: [ -1.4047672131046135e-01, 8.0204677686771020e-01,
       2.1564371798064906e-03, -2.6479314482209895e-03,
       -3.2350277809966150e+00 ]
R: !!opencv-matrix
   rows: 3
   cols: 3
   dt: d
   data: [ 9.6563604703005190e-01, -5.0556530359706937e-03,
       2.5984892735694587e-01, 8.0828238426988858e-03,
       9.9991133498766516e-01, -1.0582538538228079e-02,
       -2.5977238620550747e-01, 1.2319193787138197e-02,
       9.6559129285093059e-01 ]
T: !!opencv-matrix
   rows: 3
   cols: 1
   dt: d
   data: [ -4.1315732175305658e+02, -3.5577904379399330e+00,
       3.9520032502846071e+01 ]
sizel: !!opencv-matrix
   rows: 2
   cols: 1
   dt: i
   data: [ 1280, 1024 ]
