%YAML:1.0
---
board_width: 11
board_height: 8
square_size: 20
camera_matrixL: !!opencv-matrix
   rows: 3
   cols: 3
   dt: d
   data: [ 2.4461584400419711e+03, 0., 6.3950000000000000e+02, 0.,
       2.4447064616517891e+03, 5.1150000000000000e+02, 0., 0., 1. ]
dist_coefsL: !!opencv-matrix
   rows: 1
   cols: 5
   dt: d
   data: [ -2.0582079001601811e-01, -1.2445964761922501e+00,
       -6.6404110985809955e-03, 4.7501106209719658e-03,
       1.0682723818930936e+02 ]
camera_matrixR: !!opencv-matrix
   rows: 3
   cols: 3
   dt: d
   data: [ 2.4540355129976906e+03, 0., 6.3950000000000000e+02, 0.,
       2.4633087780482565e+03, 5.1150000000000000e+02, 0., 0., 1. ]
dist_coefsR: !!opencv-matrix
   rows: 1
   cols: 5
   dt: d
   data: [ -4.4447151248887740e-01, 8.9202177896061023e+00,
       1.9584791171421202e-04, -1.1775412938245586e-02,
       -9.2280937314455585e+01 ]
R: !!opencv-matrix
   rows: 3
   cols: 3
   dt: d
   data: [ 9.9985645889517039e-01, 1.5105358638344748e-03,
       -1.6875422572920861e-02, -1.7027546186733763e-03,
       9.9993377429414465e-01, -1.1381900218116161e-02,
       1.6857112217671315e-02, 1.1409001151311892e-02,
       9.9979281476734483e-01 ]
T: !!opencv-matrix
   rows: 3
   cols: 1
   dt: d
   data: [ -4.3057390629912618e+02, -3.7246305158752002e+00,
       2.9272201528242556e+00 ]
sizel: !!opencv-matrix
   rows: 2
   cols: 1
   dt: i
   data: [ 1280, 1024 ]
