%YAML:1.0
---
camera_matrix: !!opencv-matrix
   rows: 3
   cols: 3
   dt: d
   data: [ 2.4751937657261251e+03, 0., 6.4193346457200755e+02, 0.,
       2.4759682044200817e+03, 5.0347145316086960e+02, 0., 0., 1. ]
dist_coefs: !!opencv-matrix
   rows: 1
   cols: 5
   dt: d
   data: [ -8.6016749165523584e-02, 4.0672868985074206e-01,
       2.4723630030194762e-03, 7.1862073329560176e-04,
       -6.0823742964895811e-01 ]
